layout_spectrum: 0.5463659
typography_spectrum: 0.4825494
color:
  saturation: 0.8765664
  lightness: 0.1390978
  brandStrength: 0.5802005
  rhythmicContrast: 0.966792
name: Jogoa
