layout_spectrum: 0.5463659
typography_spectrum: 0.4825494
color:
  saturation: 0.3515038
  lightness: 1
  brandStrength: 0.5802005
  rhythmicContrast: 0.1854637
name: Jogoa
