layout_spectrum: 1
color:
  saturation: 0.5739349
  lightness: 0.7462406
  brandStrength: 0.5802005
  rhythmicContrast: 0.7669173
typography_spectrum: 0.4825494
name: Jogoa
